0.01005821030693110 ,0.89440748287480500 ,-0.01971477707837200 ,-0.44131452626606300 ,-0.04856231111060760 ,1.37106834345975000 ,5.04134065564219000 ,2.93092114605864000 ,-0.42377703188002100 ,-2.56385303119775000 ,0.21174552435551900 ,-1.76791170579311000 ,-6.48742623626216000 ,-2.57095919383247000 ,0.06054437752903300 ,-1.51919582902385000 ,1.22470352993728000 ,0.70694925117377800 ,0.69503600077531400 ,1.01544543460834000 

0.01276577169850650 ,0.10763354738914600 ,0.92921843264511000 ,-0.68578748593941400 ,1.72339880823379000 ,1.72579633851700000 ,3.52802375105621000 ,0.09596400832496500 ,-0.47537816850919700 ,0.02906308030980860 ,-2.77587447622176000 ,-1.52718532883927000 ,-4.23271312927322000 ,0.43638227583291400 ,1.96424119984341000 ,-0.80666374398506300 ,0.01067741171712400 ,0.62387751662864000 ,-1.24683193913991000 ,-1.21205825889113000 

0.01643573772288810 ,-0.36713986483960500 ,-0.95570081916339800 ,1.65784958174665000 ,0.59250951892240800 ,1.95149114268502000 ,5.51573236975801000 ,0.71954884471828400 ,-0.04218311488047080 ,-0.91919139835119600 ,-1.93679040848557000 ,-1.58851261422691000 ,-7.40222433818579000 ,2.32420279293359000 ,-0.08936927492578620 ,-2.71878983564259000 ,-0.28146781736728200 ,0.43656223381560000 ,0.39673627242865600 ,0.27356675895501700 
,,,,,,,,,,,,,,,,,,,
,,,,,,,,,,,,,,,,,,,
,,,,,,,,,,,,,,,,,,,
,,,,,,,,,,,,,,,,,,,
归一化分母为2500,,,,,,,,,,,,,,,,,,,
